name: base
channels:
  - conda-forge
dependencies:
  - _libgcc_mutex=0.1=conda_forge
  - _openmp_mutex=4.5=2_gnu
  - archspec=0.2.3=pyhd8ed1ab_0
  - boltons=24.0.0=pyhd8ed1ab_0
  - brotli-python=1.1.0=py310hc6cd4ac_1
  - bzip2=1.0.8=hd590300_5
  - c-ares=1.34.5=hb9d3cd8_0
  - ca-certificates=2025.4.26=hbd8a1cb_0
  - certifi=2025.4.26=pyhd8ed1ab_0
  - cffi=1.16.0=py310h2fee648_0
  - charset-normalizer=3.3.2=pyhd8ed1ab_0
  - colorama=0.4.6=pyhd8ed1ab_0
  - conda=25.5.0=py310hff52083_0
  - conda-libmamba-solver=25.4.0=pyhd8ed1ab_0
  - conda-package-handling=2.2.0=pyh38be061_0
  - conda-package-streaming=0.9.0=pyhd8ed1ab_0
  - cpp-expected=1.1.0=hff21bea_1
  - distro=1.9.0=pyhd8ed1ab_0
  - fmt=11.1.4=h07f6e7f_1
  - frozendict=2.4.6=py310ha75aee5_0
  - icu=75.1=he02047a_0
  - idna=3.6=pyhd8ed1ab_0
  - jsonpatch=1.33=pyhd8ed1ab_0
  - jsonpointer=2.4=py310hff52083_3
  - keyutils=1.6.1=h166bdaf_0
  - krb5=1.21.3=h659f571_0
  - ld_impl_linux-64=2.40=h41732ed_0
  - libarchive=3.7.7=hadbb8c3_0
  - libcurl=8.14.0=h332b0f4_0
  - libedit=3.1.20191231=he28a2e2_2
  - libev=4.33=hd590300_2
  - libffi=3.4.2=h7f98852_5
  - libgcc=14.2.0=h77fa898_1
  - libgcc-ng=14.2.0=h69a702a_1
  - libgomp=14.2.0=h77fa898_1
  - libiconv=1.17=hd590300_2
  - libmamba=2.1.1=h430c389_0
  - libmambapy=2.1.1=py310h3d96f6e_0
  - libnghttp2=1.64.0=h161d5f1_0
  - libnsl=2.0.1=hd590300_0
  - libsolv=0.7.32=h7955e40_2
  - libsqlite=3.50.0=hee588c1_0
  - libssh2=1.11.1=hcf80075_0
  - libstdcxx=14.2.0=hc0a3c3a_1
  - libstdcxx-ng=13.2.0=h7e041cc_5
  - libuuid=2.38.1=h0b41bf4_0
  - libxcrypt=4.4.36=hd590300_1
  - libxml2=2.13.5=hb346dea_0
  - libzlib=1.3.1=hb9d3cd8_2
  - lz4-c=1.9.4=hcb278e6_0
  - lzo=2.10=h516909a_1000
  - mamba=2.1.1=had4a41a_0
  - menuinst=2.0.2=py310hff52083_0
  - ncurses=6.4.20240210=h59595ed_0
  - nlohmann_json=3.11.3=he02047a_1
  - openssl=3.5.0=h7b32b05_1
  - packaging=24.0=pyhd8ed1ab_0
  - pip=24.0=pyhd8ed1ab_0
  - platformdirs=4.2.0=pyhd8ed1ab_0
  - pluggy=1.4.0=pyhd8ed1ab_0
  - pybind11-abi=4=hd8ed1ab_3
  - pycosat=0.6.6=py310h2372a71_0
  - pycparser=2.22=pyhd8ed1ab_0
  - pysocks=1.7.1=pyha2e5f31_6
  - python=3.10.14=hd12c33a_0_cpython
  - python_abi=3.10=4_cp310
  - readline=8.2=h8228510_1
  - reproc=14.2.4.post0=hd590300_1
  - reproc-cpp=14.2.4.post0=h59595ed_1
  - requests=2.31.0=pyhd8ed1ab_0
  - ruamel.yaml=0.18.6=py310h2372a71_0
  - ruamel.yaml.clib=0.2.8=py310h2372a71_0
  - setuptools=69.5.1=pyhd8ed1ab_0
  - simdjson=3.12.3=h84d6215_0
  - tk=8.6.13=noxft_hd72426e_102
  - tqdm=4.66.2=pyhd8ed1ab_0
  - truststore=0.8.0=pyhd8ed1ab_0
  - tzdata=2024a=h0c530f3_0
  - urllib3=2.2.1=pyhd8ed1ab_0
  - wheel=0.43.0=pyhd8ed1ab_1
  - xz=5.2.6=h166bdaf_0
  - yaml-cpp=0.8.0=h59595ed_0
  - zstandard=0.23.0=py310ha75aee5_2
  - zstd=1.5.7=hb8e6e7a_2
  - pip:
      - audioread==3.0.1
      - decorator==5.1.1
      - joblib==1.4.2
      - lazy-loader==0.4
      - librosa==0.10.2.post1
      - llvmlite==0.44.0
      - msgpack==1.1.0
      - numba==0.61.0
      - numpy==2.1.3
      - pooch==1.8.2
      - pyyaml==6.0.2
      - scikit-learn==1.6.1
      - scipy==1.15.1
      - soundfile==0.13.1
      - soxr==0.5.0.post1
      - threadpoolctl==3.5.0
      - typing-extensions==4.12.2
      - yml==0.0.1
prefix: /home/dhoang/miniforge3
